63,63,63,62,78,78,62,62,62,63,63,78,78,62,62,62,63,63,63,62,78,62,78,62,62,63,62,62,63,63,78,63,63,62,63,63,63,62,94,62,78,62,62,62,62,78,78,78,78,62,78,62,78,63,62,93,62,62,63,62,78,78,62,63,62,62,62,62,63,63,78,63,78,78,63,62,78,62,62,63,63,62,62,62,62,78,78,63,62,63,63,63,62,63,63,63,79,63,63,78,62,62,62,63,63,63,63,78,62,62,78,63,63,63,62,78,63,62,62,63,62,63,62,63,62,63,63,62,78,63,63,79,63,62,63,78,63,62,62,62,63,62,63,63,63,78,63,62,63,62,
2312,2313,2250,2266,2250,2297,2250,2218,2078,2078,2062,2062,2078,2094,2078,2078,2078,2078,2140,2188,2078,2078,2078,2078,2094,2063,2062,2078,2063,2063,0,0,16,0,0,0,0,0,0,0,0,16,0,0,0,0,0,0,0,0,0,0,16,0,0,16,0,0,16,16, Average in ms: 3

Average time: 3 ms
Average time: 49 ms
45,44,46,63,47,44,65,57,66,45,48,44,63,44,44,45,61,44,44,44,44,49,44,47,44,45,59,46,44,65,Average time: 49 ms
2,3,3,3,3,3,3,4,4,2,3,3,2,3,3,3,3,4,3,3,3,3,3,3,3,3,3,2,3,3,Average time: 2 ms
3151,3232,3205,3233,3190,3222,3218,3183,3215,3220,3216,3221,3227,3259,3314,3011,3594,3033,3071,3043,3077,3028,3184,3009,3077,3075,3044,3142,3037,3045,Average time: 3159 ms
3,3,2,4,5,3,3,3,3,3,3,3,3,3,2,3,3,3,3,2,3,3,3,3,3,3,3,3,4,2,Average time: 3 ms
44,Average time: 44 ms
3080,Average time: 3080 ms
0,Average time: 0 ms
0,Average time: 0 ms
0,Average time: 0 ms
0,Average time: 0 ms
0,Average time: 0 ms
3,Average time: 3 ms
2,Average time: 2 ms
2,2,1,2,2,2,2,2,2,2,2,2,2,2,2,2,2,1,1,2,2,2,3,2,2,3,1,2,2,3,Average time: 1 ms
30,30,30,30,30,31,30,30,30,31,30,30,30,31,30,31,30,31,30,32,31,31,29,30,30,30,30,30,30,30,Average time: 30 ms
43,Average time: 43 ms
