63,63,63,62,78,78,62,62,62,63,63,78,78,62,62,62,63,63,63,62,78,62,78,62,62,63,62,62,63,63,78,63,63,62,63,63,63,62,94,62,78,62,62,62,62,78,78,78,78,62,78,62,78,63,62,93,62,62,63,62,78,78,62,63,62,62,62,62,63,63,78,63,78,78,63,62,78,62,62,63,63,62,62,62,62,78,78,63,62,63,63,63,62,63,63,63,79,63,63,78,62,62,62,63,63,63,63,78,62,62,78,63,63,63,62,78,63,62,62,63,62,63,62,63,62,63,63,62,78,63,63,79,63,62,63,78,63,62,62,62,63,62,63,63,63,78,63,62,63,62,
2312,2313,2250,2266,2250,2297,2250,2218,2078,2078,2062,2062,2078,2094,2078,2078,2078,2078,2140,2188,2078,2078,2078,2078,2094,2063,2062,2078,2063,2063,0,0,16,0,0,0,0,0,0,0,0,16,0,0,0,0,0,0,0,0,0,0,16,0,0,16,0,0,16,16, Average in ms: 3

Average time: 2 ms
Average time: 39 ms
33,33,35,33,35,33,37,38,35,37,33,34,38,34,33,36,107,32,33,33,35,50,33,37,33,33,34,35,35,35,Average time: 37 ms
2,2,2,3,2,3,2,2,19,2,3,2,2,3,2,3,2,4,2,2,2,3,11,2,2,2,2,2,2,2,Average time: 3 ms
2472,2694,2611,2739,2629,2642,2640,2703,2729,2689,2634,2733,2668,2659,2606,2423,2788,2474,2486,2729,2498,2540,2525,2510,2509,2472,2519,2470,2527,2486,Average time: 2593 ms
2,2,2,2,3,2,3,2,2,2,2,2,2,2,2,2,2,2,2,2,2,3,3,2,2,2,2,3,5,2,Average time: 2 ms
35,Average time: 35 ms
2763,Average time: 2763 ms
0,Average time: 0 ms
0,Average time: 0 ms
0,Average time: 0 ms
0,Average time: 0 ms
0,Average time: 0 ms
2,Average time: 2 ms
1,Average time: 1 ms
1,1,1,2,1,1,2,1,2,1,1,1,1,1,1,1,1,1,1,1,1,1,1,1,1,1,1,1,1,1,Average time: 1 ms
20,17,18,16,18,17,17,18,17,18,17,17,16,18,17,17,17,17,17,17,17,17,17,17,17,17,17,17,17,17,Average time: 17 ms
33,Average time: 33 ms
